0 3140 1380 939
1 556 2848 96
2 3675 3510 1671
3 1182 457 334
4 3595 3888 666
5 962 984 965
6 2030 2721 1482
7 3507 1286 525
8 2642 2716 1432
9 3438 738 1325
10 3858 1251 1832
11 2937 2728 1698
12 376 3815 169
13 839 3683 1533
14 706 1247 1945
15 749 123 862
16 298 1234 1946
17 694 252 1240
18 387 611 673
19 2801 2576 1676
20 3133 928 1700
21 1517 53 857
22 1538 1807 1711
23 844 274 1420
24 2639 2574 946
25 3123 178 24
26 2489 2678 1825
27 3834 1795 962
28 3417 3384 1498
29 2938 3520 1079
30 71 1256 61
31 3245 1424 1728
32 731 3913 192
33 2312 3085 1528
34 2426 2573 1969
35 380 463 1670
36 2310 3875 598
37 2830 298 1513
38 3829 3479 821
39 3684 2542 236
40 171 3955 1743
41 627 1323 280
42 1490 3447 1830
43 61 2936 337
44 422 1621 1830
45 2698 3373 1646
46 2372 1393 1368
47 177 3874 1318
48 3084 938 955
49 1213 3022 474
50 3 2482 1183
51 1782 3854 923
52 3896 376 825
53 1829 2519 135
54 1286 2945 1622
55 3017 953 268
56 2132 2628 1479
57 2000 2097 981
58 3317 890 1846
59 1729 2139 1806
60 2408 2421 1007
61 3292 2290 1810
62 193 1115 1052
63 782 2588 302
64 2503 327 265
65 1697 241 341
66 3821 1917 687
67 3370 2991 792
68 3162 2573 599
69 3938 19 674
70 2741 3911 1673
71 2330 872 1559
72 3918 2863 558
73 1794 929 1766
74 2929 839 620
75 3453 3893 102
76 896 2178 1619
77 399 3822 899
78 2614 378 1048
79 2800 1178 100
80 2630 2599 901
81 563 3416 143
82 1090 2961 1605
83 2009 611 1384
84 3876 3113 885
85 3084 2597 1830
86 1526 2586 1286
87 1612 161 906
88 1423 1429 134
89 3058 742 1025
90 3782 1625 1651
91 347 1187 706
92 3904 1787 1009
93 2191 22 987
94 3220 3640 43
95 468 3756 882
96 3611 776 392
97 3114 1724 1642
98 3515 198 1810
99 3060 3950 1558

76 59
59 61
61 34
34 85
85 26
26 11
11 19
19 6
6 8
8 56
56 86
86 24
24 80
80 84
84 33
33 28
28 45
45 42
42 2
2 13
13 70
70 99
99 47
47 51
51 77
77 4
4 36
36 95
95 29
29 38
38 67
67 49
49 72
72 63
63 53
53 39
39 68
68 60
60 57
57 66
66 27
27 92
92 0
0 46
46 62
62 5
5 48
48 89
89 74
74 7
7 41
41 88
88 79
79 55
55 96
96 3
3 64
64 25
25 65
65 52
52 69
69 21
21 93
93 15
15 87
87 78
78 17
17 23
23 37
37 98
98 35
35 9
9 83
83 71
71 20
20 73
73 58
58 16
16 14
14 10
10 31
31 90
90 97
97 22
22 76
